[gd_scene load_steps=7 format=3 uid="uid://b42kq8hb5n42w"]

[ext_resource type="PackedScene" uid="uid://carplayer0001" path="res://scenes/car_player.tscn" id="1_car"]
[ext_resource type="PackedScene" uid="uid://dntjm7op2dpbw" path="res://assets/race-track/source/SouthLoop.glb" id="2_track"]

[sub_resource type="Environment" id="Environment_sky"]
background_mode = 2
background_color = Color(0.4, 0.6, 0.9, 1)
ambient_light_color = Color(0.9, 0.92, 0.98, 1)
ambient_light_energy = 0.7
tonemap_mode = 2

[sub_resource type="BoxShape3D" id="BoxShape3D_ground"]
size = Vector3(500, 1, 500)

[sub_resource type="BoxMesh" id="BoxMesh_ramp"]
size = Vector3(10, 0.5, 5)

[sub_resource type="BoxShape3D" id="BoxShape3D_ramp"]
size = Vector3(10, 0.5, 5)

[node name="RacingMap" type="Node3D"]

[node name="WorldEnvironment" type="WorldEnvironment" parent="."]
environment = SubResource("Environment_sky")

[node name="Sun" type="DirectionalLight3D" parent="."]
transform = Transform3D(0.8660255, 0.4968839, -0.055734437, 0.19485934, -0.2327475, 0.95281607, 0.46046692, -0.83602333, -0.29838774, -28.722153, 142.52017, 219.43987)
light_color = Color(1, 0.97, 0.9, 1)
light_energy = 1.5
shadow_enabled = true

[node name="FillLight" type="DirectionalLight3D" parent="."]
transform = Transform3D(0.86602515, 0.35355386, 0.35355335, 0.32220283, -0.93532914, 0.14609809, 0.38234237, -0.012608707, -0.9239347, -40, 50, -40)
light_color = Color(0.75, 0.85, 1, 1)
light_energy = 0.4

[node name="Track" parent="." instance=ExtResource("2_track")]

[node name="Ground" type="StaticBody3D" parent="."]
transform = Transform3D(1, 0, 0, 0, 1, 0, 0, 0, 1, 0, -0.5, 0)

[node name="CollisionShape3D" type="CollisionShape3D" parent="Ground"]
shape = SubResource("BoxShape3D_ground")

[node name="Car" parent="." instance=ExtResource("1_car")]
transform = Transform3D(1, 0, 0, 0, 1, 0, 0, 0, 1, 0.021919847, 1.0000001, 0.0019569397)

[node name="Ramp" type="Node3D" parent="."]
transform = Transform3D(1, 0, 0, 0, 0.9396926, 0.34202015, 0, -0.34202015, 0.9396926, 0, 0.25, 10)

[node name="StaticBody3D" type="StaticBody3D" parent="Ramp"]

[node name="CollisionShape3D" type="CollisionShape3D" parent="Ramp/StaticBody3D"]
shape = SubResource("BoxShape3D_ramp")

[node name="MeshInstance3D" type="MeshInstance3D" parent="Ramp"]
mesh = SubResource("BoxMesh_ramp")
